366
346
848
2
795
265
579
48
789
131
860
509
387
230
725
4
411
963
529
933
343
49
352
399
688
425
760
958
37
825
577
664
752
968
742
489
469
232
691
478
72
393
535
926
282
521
271
645
375
370
300
698
552
940
995
256
560
498
815
522
397
977
165
152
820
258
116
822
801
848
887
275
250
677
232
295
151
303
378
173
73
656
283
760
924
531
396
66
914
634
151
367
349
661
828
553
232
796
64
53
810
414
50
522
881
690
11
786
415
674
594
808
691
96
185
601
199
721
687
872
186
94
731
138
945
537
514
200
758
612
125
26
253
773
386
824
743
509
444
364
285
832
114
907
979
864
466
227
766
690
320
15
547
10
903
405
566
785
778
904
228
908
871
241
877
737
288
848
1
811
336
657
702
492
231
770
459
146
930
872
421
306
146
746
331
145
703
589
815
186
920
390
828
681
266
462
23
62
99
415
875
557
890
733
597
99
828
560
680
307
77
782
142
606
418
229
933
208
479
102
137
319
474
437
635
231
866
301
446
465
741
681
1
690
69
364
606
47
751
554
23
671
304
760
192
969
587
621
148
779
11
188
791
564
138
226
149
322
724
474
22
837
19
808
191
509
407
899
350
454
570
19
410
345
213
361
52
71
602
942
694
142
600
580
478
446
548
561
238
125
258
753
324
614
80
35
473
761
763
156
217
588
225
608
470
614
906
991
976
420
243
99
509
901
352
200
209
960
534
181
610
517
594
999
187
529
369
388
699
427
662
100
657
435
121
324
839
779
770
397
559
893
602
521
486
683
145
389
772
542
626
306
229
918
567
238
744
977
154
871
25
911
858
776
100
105
38
524
432
857
561
183
454
981
306
51
389
926
22
176
852
189
708
677
19
372
29
235
502
362
487
826
550
872
612
962
966
193
555
675